posx,posy,posz,tick,turn
3.0,0.7511,4.0,1,1
3.0,0.7511,4.0,1,2
3.0,0.7511,4.0,1,3
3.0,0.7511,4.0,1,4
3.0,0.7511,4.0,1,5
3.0,0.7511,4.0,1,6
3.0,0.7511,4.0,1,7
3.5893736,0.7511,3.8877382,1,8
4.589256,0.75110006,3.8760695,1,9
5.2891726,0.7511,3.8679013,1,10
5.2891726,0.7511,3.8679013,1,11
5.8395505,0.75110006,3.033045,1,12
6.594678,0.7511001,2.3775437,1,13
7.047755,0.7511,1.9842428,1,14
7.5125756,0.75110006,1.0988945,1,15
7.5590577,0.7511,1.0103596,1,16
7.5590577,0.7511,1.0103596,1,17
7.5590577,0.7511,1.0103596,1,18
7.5590577,0.7511,1.0103596,1,19
7.5590577,0.7511,1.0103596,1,20
7.5590577,0.7511,1.0103596,1,21
7.5590577,0.7511,1.0103596,1,22
7.5590577,0.7511,1.0103596,1,23
7.6475925,0.7511,1.0568416,1,24
7.6475925,0.7511,1.0568416,1,25
7.659235,0.75110006,2.0567238,1,26
7.670878,0.75110006,3.056606,1,27
7.676699,0.7511,3.5565472,1,28
7.9757295,0.7511,3.5804634,1,29
7.9757295,0.7511,3.5804634,1,30
7.9757295,0.7511,3.5804634,1,31
7.9757295,0.7511,3.5804634,1,32
7.9757295,0.7511,3.5804634,1,33
7.9757295,0.7511,3.5804634,1,34
7.9757295,0.7511,3.5804634,1,35
7.9757295,0.7511,3.5804634,1,36
7.967757,0.7511,3.68014,1,37
7.8803453,0.7511,3.7287006,1,38
7.865945,0.7511,3.028884,1,39
7.9977574,0.75110006,2.0376596,1,40
8.171763,0.75110006,1.0529658,1,41
8.171763,0.7511,1.0529658,1,42
8.171763,0.7511,1.0529658,1,43
8.171763,0.7511,1.0529658,1,44
7.9717736,0.7511,1.0529658,1,45
8.039048,0.7511,0.9789856,1,46
8.03969,0.7511,1.4789602,1,47
7.8986287,0.75110006,2.4689105,1,48
7.7411695,0.75110006,3.4563854,1,49
7.725424,0.7511,3.5551329,1,50
7.725424,0.7511,3.5551329,1,51
7.725424,0.7511,3.5551329,1,52
7.725424,0.7511,3.5551329,1,53
7.725424,0.7511,3.5551329,1,54
7.725424,0.7511,3.5551329,1,55
7.725424,0.7511,3.5551329,1,56
7.725424,0.7511,3.5551329,1,57
7.725424,0.7511,3.5551329,1,58
7.725424,0.7511,3.5551329,1,59
7.725424,0.7511,3.5551329,1,60
7.725424,0.7511,3.5551329,1,61
7.725424,0.7511,3.5551329,1,62
7.725424,0.7511,3.5551329,1,63
7.798212,0.7511,3.6236959,1,64
7.099847,0.75110006,4.339368,1,65
6.3316455,0.7511001,5.126607,1,66
5.6332803,0.75110006,5.842279,1,67
4.9349155,0.7511001,6.557951,1,68
4.2365503,0.75110006,7.2736225,1,69
4.0270405,0.7511,7.488324,1,70
4.0270405,0.7511,7.488324,1,71
4.0270405,0.7511,7.488324,1,72
4.0270405,0.7511,7.488324,1,73
4.0270405,0.7511,7.488324,1,74
4.0270405,0.7511,7.488324,1,75
4.0270405,0.7511,7.488324,1,76
4.0270405,0.7511,7.488324,1,77
4.0270405,0.7511,7.488324,1,78
3.9519653,0.7511,7.422273,1,79
3.30555,0.75110006,8.185194,1,80
2.5944934,0.7511001,9.024406,1,81
1.9480782,0.75110006,9.787326,1,82
1.301663,0.7511001,10.550246,1,83
0.6552477,0.75110006,11.313167,1,84
0.6552477,0.7511,11.313167,1,85
0.6552477,0.7511,11.313167,1,86
0.6552477,0.7511,11.313167,1,87
0.6552477,0.7511,11.313167,1,88
0.6552477,0.7511,11.313167,1,89
0.6552477,0.7511,11.313167,1,90
0.6552477,0.7511,11.313167,1,91
0.6552477,0.7511,11.313167,1,92
0.6552477,0.7511,11.313167,1,93
0.75514907,0.7511,11.317493,1,94
0.68045527,0.75110006,12.414899,1,95
0.61255175,0.75110006,13.41254,1,96
0.5446483,0.75110006,14.410183,1,97
0.5033878,0.7511,15.108532,1,98
0.5033878,0.7511,15.108532,1,99
0.5033878,0.7511,15.108532,1,100
0.5033878,0.7511,15.108532,1,101
0.5033878,0.7511,15.108532,1,102
0.5033878,0.7511,15.108532,1,103
0.5033878,0.7511,15.108532,1,104
0.5033878,0.7511,15.108532,1,105
0.5033878,0.7511,15.108532,1,106
0.5033878,0.7511,15.108532,1,107
0.60338116,0.7511,15.109103,1,108
0.57323647,0.7511,16.108599,1,109
0.5430917,0.7511,17.108095,1,110
0.51294696,0.7511,18.10759,1,111
0.50338715,0.7511,18.905762,1,112
0.50338715,0.7511,18.905762,1,113
0.50338715,0.7511,18.905762,1,114
0.50338715,0.7511,18.905762,1,115
0.50338715,0.7511,18.905762,1,116
0.50338715,0.7511,18.905762,1,117
0.50338715,0.7511,18.905762,1,118
0.50338715,0.7511,18.905762,1,119
0.50338715,0.7511,18.905762,1,120
0.50338715,0.7511,18.905762,1,121
0.50338715,0.7511,18.905762,1,122
0.50338715,0.7511,18.905762,1,123
0.57354033,0.7511,18.834505,1,124
1.2676055,0.7511,19.554348,1,125
1.9616706,0.7511,20.27419,1,126
2.6557357,0.7511,20.994034,1,127
3.0721748,0.7511,21.42594,1,128
3.0721748,0.7511,21.42594,1,129
3.0721748,0.7511,21.42594,1,130
3.0721748,0.7511,21.42594,1,131
3.0721748,0.7511,21.42594,1,132
3.0721748,0.7511,21.42594,1,133
3.0721748,0.7511,21.42594,1,134
3.0721748,0.7511,21.42594,1,135
3.0721748,0.7511,21.42594,1,136
3.0721748,0.7511,21.42594,1,137
3.0008423,0.7511,21.496016,1,138
3.166411,0.7511,21.60819,1,139
3.561496,0.7511,21.820013,1,140
4.3596225,0.7511,21.820004,1,141
4.932459,0.7511,21.694784,1,142
4.932459,0.7511,21.694784,1,143
4.932459,0.7511,21.694784,1,144
4.932459,0.7511,21.694784,1,145
4.932459,0.7511,21.694784,1,146
4.932459,0.7511,21.694784,1,147
4.932459,0.7511,21.694784,1,148
4.932459,0.7511,21.694784,1,149
4.932459,0.7511,21.694784,1,150
4.932459,0.7511,21.694784,1,151
4.932459,0.7511,21.694784,1,152
4.8359876,0.7511,21.721094,1,153
5.13435,0.7511,21.752254,1,154
6.092094,0.75110006,21.820004,1,155
6.2912984,0.7511,21.820004,1,156
6.632683,0.7511,21.801289,1,157
7.0920067,0.7511,21.603813,1,158
7.585608,0.7511,21.524235,1,159
7.9827657,0.7511,21.571667,1,160
7.9827657,0.7511,21.571667,1,161
7.9827657,0.7511,21.571667,1,162
7.9827657,0.7511,21.571667,1,163
7.9827657,0.7511,21.571667,1,164
7.9827657,0.7511,21.571667,1,165
7.9827657,0.7511,21.571667,1,166
7.9827657,0.7511,21.571667,1,167
7.9827657,0.7511,21.571667,1,168
7.9827657,0.7511,21.571667,1,169
7.970908,0.7511,21.670956,1,170
7.970908,0.7511,21.670956,1,171
7.590308,0.7511,21.54796,1,172
7.091361,0.7511,21.580004,1,173
6.81351,0.7511,21.693094,1,174
5.919443,0.75110006,21.820004,1,175
5.620976,0.7511,21.820004,1,176
4.921811,0.7511,21.795069,1,177
4.1407237,0.7511,21.820005,1,178
3.642614,0.7511,21.820005,1,179
3.3947978,0.7511,21.811943,1,180
3.1799939,0.75110006,21.111101,1,181
3.1799967,0.75110006,20.1121,1,182
3.1799967,0.7511,19.416925,1,183
3.179998,0.75110006,18.417353,1,184
3.179998,0.75110006,17.418264,1,185
3.179998,0.7511,16.721926,1,186
3.5208151,0.75110006,15.859237,1,187
3.6824057,0.7511,15.606493,1,188
3.7209399,0.7511,14.6072855,1,189
3.759474,0.7511,13.608078,1,190
3.798008,0.7511,12.6088705,1,191
3.8288352,0.7511,11.809505,1,192
4.2415404,0.75110006,10.898695,1,193
4.6542454,0.7511001,9.987885,1,194
4.943139,0.7511,9.350319,1,195
5.02568,0.7511,9.168157,1,196
5.4703436,0.75110006,8.272514,1,197
5.915007,0.7511001,7.3768725,1,198
6.2707376,0.75110006,6.660359,1,199
6.717696,0.75110006,5.76586,1,200
7.1646547,0.7511001,4.8713613,1,201
7.5669174,0.7511,4.0663123,1,202
7.782677,0.75110006,3.0899172,1,203
7.9672775,0.7511,2.1071544,1,204
8.15433,0.7511,1.1248554,1,205
8.15433,0.7511,1.1248554,1,206
8.15433,0.7511,1.1248554,1,207
8.15433,0.7511,1.1248554,1,208
7.9543405,0.7511,1.1248554,1,209
7.9543405,0.7511,1.1248554,1,210
8.076387,0.7511,0.96642405,1,211
8.052274,0.7511,1.4658172,1,212
7.903071,0.7511,2.4545732,1,213
7.744114,0.7511,3.4418082,1,214
7.7289886,0.7511,4.4416437,1,215
7.712351,0.75110006,5.541463,1,216
7.7032757,0.7511,6.1413646,1,217
6.7224526,0.7511,6.3360085,1,218
6.2012887,0.75110006,7.189407,1,219
5.6801248,0.7511001,8.042805,1,220
5.263193,0.75110006,8.725523,1,221
4.8093934,0.7511001,9.61657,1,222
4.3555937,0.75110006,10.507618,1,223
3.9471738,0.75110006,11.309561,1,224
3.9207246,0.75110006,12.309161,1,225
3.8942754,0.75110006,13.308762,1,226
3.867826,0.75110006,14.308362,1,227
3.8466666,0.7511,15.108042,1,228
3.432187,0.75110006,16.018045,1,229
3.1799908,0.75110006,16.620783,1,230
3.1799977,0.75110006,17.620232,1,231
3.1799974,0.75110006,18.618443,1,232
3.1799974,0.7511,18.91593,1,233
3.1799977,0.7511,19.915417,1,234
3.1799977,0.7511,20.913961,1,235
3.1799977,0.7511,21.311115,1,236
3.203325,0.7511,21.640676,1,237
3.5369484,0.7511,21.824066,1,238
4.3351774,0.7511,21.820004,1,239
5.134341,0.75110006,21.792284,1,240
6.118663,0.75110006,21.820004,1,241
6.3177643,0.7511,21.820004,1,242
6.3177643,0.7511,21.820004,1,243
6.3177643,0.7511,21.820004,1,244
6.3177643,0.7511,21.820004,1,245
6.3177643,0.7511,21.820004,1,246
6.3177643,0.7511,21.820004,1,247
6.3177643,0.7511,21.820004,1,248
6.3177643,0.7511,21.820004,1,249
6.3177643,0.7511,21.820004,1,250
6.3177643,0.7511,21.820004,1,251
6.3177643,0.7511,21.820004,1,252
6.3177643,0.7511,21.820004,1,253
6.2510533,0.7511,21.894493,1,254
7.1092777,0.75110006,22.582483,1,255
7.4993796,0.7511,22.895206,1,256
6.8230205,0.75110006,23.63171,1,257
6.3495693,0.7511,24.147263,1,258
6.3495693,0.7511,24.147263,1,259
6.3842607,0.7511,25.146612,1,260
6.391199,0.7511,25.346481,1,261
6.391199,0.7511,25.346481,1,262
6.391199,0.7511,25.346481,1,263
6.391199,0.7511,25.346481,1,264
6.391199,0.7511,25.346481,1,265
6.391199,0.7511,25.346481,1,266
6.391199,0.7511,25.346481,1,267
6.391199,0.7511,25.346481,1,268
6.391199,0.7511,25.346481,1,269
6.391199,0.7511,25.346481,1,270
6.391199,0.7511,25.346481,1,271
6.391199,0.7511,25.346481,1,272
6.391199,0.7511,25.346481,1,273
6.391199,0.7511,25.346481,1,274
6.314648,0.7511,25.410816,1,275
6.9953623,0.75110006,26.143297,1,276
7.4718623,0.7511,26.656034,1,277
6.805541,0.75110006,27.401632,1,278
6.1392198,0.7511001,28.147228,1,279
5.472898,0.75110006,28.892826,1,280
5.0064726,0.7511,29.414745,1,281
5.0064726,0.7511,29.414745,1,282
5.0064726,0.7511,29.414745,1,283
5.0064726,0.7511,29.414745,1,284
5.0064726,0.7511,29.414745,1,285
5.0064726,0.7511,29.414745,1,286
5.0064726,0.7511,29.414745,1,287
5.0064726,0.7511,29.414745,1,288
5.0064726,0.7511,29.414745,1,289
5.0064726,0.7511,29.414745,1,290
5.0064726,0.7511,29.414745,1,291
5.0064726,0.7511,29.414745,1,292
6.0062585,0.7511,29.432863,1,293
6.798925,0.7511,30.042439,1,294
7.3537917,0.7511,30.46914,1,295
7.3537917,0.7511,30.46914,1,296
7.4330583,0.7511,30.530096,1,297
6.7675986,0.75110006,31.276463,1,298
6.1021385,0.7511001,32.02283,1,299
5.636317,0.7511,32.545288,1,300
5.636317,0.7511,32.545288,1,301
5.636317,0.7511,32.545288,1,302
5.636317,0.7511,32.545288,1,303
5.636317,0.7511,32.545288,1,304
5.636317,0.7511,32.545288,1,305
5.636317,0.7511,32.545288,1,306
5.636317,0.7511,32.545288,1,307
5.636317,0.7511,32.545288,1,308
5.636317,0.7511,32.545288,1,309
5.636317,0.7511,32.545288,1,310
5.636317,0.7511,32.545288,1,311
5.636317,0.7511,32.545288,1,312
6.212803,0.75110006,33.099903,1,313
6.9215875,0.75110006,33.805256,1,314
7.4886155,0.7511,34.36954,1,315
6.735864,0.75110006,35.02777,1,316
5.9831123,0.7511001,35.685997,1,317
5.1550846,0.75110006,36.41005,1,318
4.402333,0.7511001,37.068275,1,319
4.0259566,0.7511,37.397392,1,320
4.0259566,0.7511,37.397392,1,321
4.0259566,0.7511,37.397392,1,322
4.0259566,0.7511,37.397392,1,323
4.0259566,0.7511,37.397392,1,324
4.0259566,0.7511,37.397392,1,325
4.0259566,0.7511,37.397392,1,326
4.0259566,0.7511,37.397392,1,327
4.0259566,0.7511,37.397392,1,328
4.0259566,0.7511,37.397392,1,329
4.0259566,0.7511,37.397392,1,330
4.0259566,0.7511,37.397392,1,331
4.0259566,0.7511,37.397392,1,332
4.0884314,0.7511,37.319313,1,333
3.2941065,0.75110006,36.711903,1,334
2.4997802,0.75110006,36.104496,1,335
1.705454,0.75110006,35.497086,1,336
0.91112846,0.75110006,34.889675,1,337
0.67283046,0.7511,34.707455,1,338
0.67283046,0.7511,34.707455,1,339
0.67283046,0.7511,34.707455,1,340
0.67283046,0.7511,34.707455,1,341
0.67283046,0.7511,34.707455,1,342
0.67283046,0.7511,34.707455,1,343
0.67283046,0.7511,34.707455,1,344
0.67283046,0.7511,34.707455,1,345
0.67283046,0.7511,34.707455,1,346
0.67283046,0.7511,34.707455,1,347
0.67283046,0.7511,34.707455,1,348
0.67283046,0.7511,34.707455,1,349
0.67283046,0.7511,34.707455,1,350
0.67283046,0.7511,34.707455,1,351
0.7727088,0.7511,34.70262,1,352
0.6994136,0.7511,33.705364,1,353
0.6261185,0.7511,32.708103,1,354
0.5528234,0.7511,31.710842,1,355
0.50387293,0.7511,31.01276,1,356
0.50387293,0.7511,31.01276,1,357
0.50387293,0.7511,31.01276,1,358
0.50387293,0.7511,31.01276,1,359
0.50387293,0.7511,31.01276,1,360
0.50387293,0.7511,31.01276,1,361
0.50387293,0.7511,31.01276,1,362
0.50387293,0.7511,31.01276,1,363
0.50387293,0.7511,31.01276,1,364
0.50387293,0.7511,31.01276,1,365
0.50387293,0.7511,31.01276,1,366
0.50387293,0.7511,31.01276,1,367
0.50387293,0.7511,31.01276,1,368
0.50387293,0.7511,31.01276,1,369
0.6038663,0.7511,31.012182,1,370
0.5739052,0.7511,30.012682,1,371
0.54394424,0.7511,29.01318,1,372
0.5139832,0.7511,28.01368,1,373
0.50338393,0.75110006,27.114508,1,374
0.50338393,0.7511,27.114508,1,375
0.50338393,0.7511,27.114508,1,376
0.50338393,0.7511,27.114508,1,377
0.50338393,0.7511,27.114508,1,378
0.50338393,0.7511,27.114508,1,379
0.50338393,0.7511,27.114508,1,380
0.50338393,0.7511,27.114508,1,381
0.50338393,0.7511,27.114508,1,382
0.50338393,0.7511,27.114508,1,383
0.50338393,0.7511,27.114508,1,384
0.50338393,0.7511,27.114508,1,385
0.50338393,0.7511,27.114508,1,386
0.50338393,0.7511,27.114508,1,387
0.50338393,0.7511,27.114508,1,388
0.50338393,0.7511,27.114508,1,389
0.5964683,0.7511,27.151035,1,390
0.93055725,0.75110006,26.208546,1,391
1.264646,0.7511001,25.266058,1,392
1.498508,0.7511,24.606316,1,393
1.9897771,0.75110006,23.622175,1,394
2.3917246,0.75110006,22.816969,1,395
2.3917246,0.7511,22.816969,1,396
2.3917246,0.7511,22.816969,1,397
2.3917246,0.7511,22.816969,1,398
2.3917246,0.7511,22.816969,1,399
2.3917246,0.7511,22.816969,1,400
2.3917246,0.7511,22.816969,1,401
2.3917246,0.7511,22.816969,1,402
2.3917246,0.7511,22.816969,1,403
2.3917246,0.7511,22.816969,1,404
2.3917246,0.7511,22.816969,1,405
2.3917246,0.7511,22.816969,1,406
2.3917246,0.7511,22.816969,1,407
2.3917246,0.7511,22.816969,1,408
2.3096917,0.7511,22.759789,1,409
2.9353704,0.75110006,21.979773,1,410
3.0443008,0.7511,20.985773,1,411
3.1532311,0.7511,19.991774,1,412
3.179989,0.7511,19.495453,1,413
3.179998,0.75110006,18.495861,1,414
3.179998,0.7511,17.79734,1,415
3.179998,0.7511,17.79734,1,416
3.179998,0.7511,17.79734,1,417
3.179998,0.7511,17.79734,1,418
3.179998,0.7511,17.79734,1,419
3.179998,0.7511,17.79734,1,420
3.179998,0.7511,17.79734,1,421
3.179998,0.7511,17.79734,1,422
3.179998,0.7511,17.79734,1,423
3.179998,0.7511,17.79734,1,424
3.179998,0.7511,17.79734,1,425
3.179998,0.7511,17.79734,1,426
2.569595,0.7511,18.139917,1,427
2.936452,0.75110006,17.209694,1,428
3.156566,0.7511,16.65156,1,429
3.1824536,0.7511,16.41824,1,430
3.5802479,0.7511,16.179976,1,431
4.3725085,0.7511,16.179993,1,432
4.615955,0.7511,16.192043,1,433
4.615955,0.7511,16.192043,1,434
4.615955,0.7511,16.192043,1,435
4.615955,0.7511,16.192043,1,436
4.615955,0.7511,16.192043,1,437
4.615955,0.7511,16.192043,1,438
4.615955,0.7511,16.192043,1,439
4.615955,0.7511,16.192043,1,440
4.615955,0.7511,16.192043,1,441
4.615955,0.7511,16.192043,1,442
4.615955,0.7511,16.192043,1,443
4.615955,0.7511,16.192043,1,444
4.615955,0.7511,16.192043,1,445
4.615955,0.7511,16.192043,1,446
4.615955,0.7511,16.192043,1,447
4.6245894,0.7511,16.092422,1,448
5.113282,0.7511,16.198036,1,449
6.092926,0.7511,16.17999,1,450
6.3866534,0.7511,16.17999,1,451
6.6228385,0.7511,16.19545,1,452
6.8200026,0.75110006,16.956793,1,453
6.8200026,0.75110006,17.954153,1,454
6.8200026,0.7511,17.954153,1,455
6.8200026,0.7511,17.954153,1,456
6.8200026,0.7511,17.954153,1,457
6.8200026,0.7511,17.954153,1,458
6.8200026,0.7511,17.954153,1,459
6.8200026,0.7511,17.954153,1,460
6.8200026,0.7511,17.954153,1,461
6.8200026,0.7511,17.954153,1,462
6.8200026,0.7511,17.954153,1,463
6.8200026,0.7511,17.954153,1,464
6.8200026,0.7511,17.954153,1,465
6.8200026,0.7511,17.954153,1,466
6.8970375,0.7511,18.017908,1,467
7.2365584,0.75110006,17.077362,1,468
7.5115566,0.7511001,16.012348,1,469
7.6115556,0.7511,15.625071,1,470
7.7581644,0.75110006,14.635927,1,471
7.9047728,0.75110006,13.646783,1,472
8.007399,0.7511,12.954382,1,473
8.007399,0.7511,12.954382,1,474
8.007399,0.7511,12.954382,1,475
8.007399,0.7511,12.954382,1,476
8.007399,0.7511,12.954382,1,477
8.007399,0.7511,12.954382,1,478
8.007399,0.7511,12.954382,1,479
8.007399,0.7511,12.954382,1,480
8.007399,0.7511,12.954382,1,481
8.007399,0.7511,12.954382,1,482
8.007399,0.7511,12.954382,1,483
8.007399,0.7511,12.954382,1,484
8.007399,0.7511,12.954382,1,485
8.033453,0.7511,13.85396,1,486
7.903549,0.7511,13.064617,1,487
7.7603207,0.7511,12.074978,1,488
7.7173524,0.7511,11.778087,1,489
7.7082386,0.7511,10.778178,1,490
7.699125,0.7511,9.77827,1,491
7.690011,0.7511,8.778361,1,492
7.6836314,0.7511,8.078425,1,493
7.6836314,0.7511,8.078425,1,494
7.6836314,0.7511,8.078425,1,495
7.6836314,0.7511,8.078425,1,496
7.6836314,0.7511,8.078425,1,497
7.6836314,0.7511,8.078425,1,498
7.6836314,0.7511,8.078425,1,499
7.6836314,0.7511,8.078425,1,500
7.6836314,0.7511,8.078425,1,501
7.6836314,0.7511,8.078425,1,502
7.6836314,0.7511,8.078425,1,503
7.6836314,0.7511,8.078425,1,504
7.68272,0.7511,7.978434,1,505
7.0520873,0.75110006,7.2024174,1,506
6.5475807,0.75110006,6.581604,1,507
5.8488846,0.75110006,5.8662553,1,508
5.289927,0.7511,5.293977,1,509
4.5838423,0.7511,4.58592,1,510
4.018975,0.7511,4.0194745,1,511
4.018975,0.7511,4.0194745,1,512
4.018975,0.7511,4.0194745,1,513
4.018975,0.7511,4.0194745,1,514
4.018975,0.7511,4.0194745,1,515
4.018975,0.7511,4.0194745,1,516
4.018975,0.7511,4.0194745,1,517
4.018975,0.7511,4.0194745,1,518
4.018975,0.7511,4.0194745,1,519
4.018975,0.7511,4.0194745,1,520
4.018975,0.7511,4.0194745,1,521
4.018975,0.7511,4.0194745,1,522
4.018975,0.7511,4.0194745,1,523
4.018975,0.7511,4.0194745,1,524
3.9191031,0.7511,4.0244403,1,525
3.8971634,0.7511,3.0247312,1,526
3.8752239,0.7511,2.0250218,1,527
3.8532841,0.7511,1.0253127,1,528
3.8467023,0.7511,0.7253998,1,529
2.7588017,0.75110006,0.56306815,1,530
2.1657856,0.7511,0.49905923,1,531
2.1657856,0.7511,0.49905923,1,532
2.1657856,0.7511,0.49905923,1,533
2.1657856,0.7511,0.49905923,1,534
2.1657856,0.7511,0.49905923,1,535
2.1657856,0.7511,0.49905923,1,536
2.1657856,0.7511,0.49905923,1,537
2.1657856,0.7511,0.49905923,1,538
2.1657856,0.7511,0.49905923,1,539
2.1657856,0.7511,0.49905923,1,540
2.1657856,0.7511,0.49905923,1,541
2.1657856,0.7511,0.49905923,1,542
2.1657856,0.7511,0.49905923,1,543
2.1657856,0.7511,0.49905923,1,544
2.1657856,0.7511,0.49905923,1,545
2.1657856,0.7511,0.49905923,1,546
2.1657856,0.7511,0.49905923,1,547
2.144661,0.7511,0.5967974,1,548
2.0446703,0.7511,0.59772646,1,549
1.860893,0.7511,0.6766058,1,550
2.3912482,0.75110006,1.5243225,1,551
2.9216032,0.75110006,2.3720393,1,552
3.4519582,0.75110006,3.2197561,1,553
3.7171357,0.7511,3.6436143,1,554
3.7506015,0.75110006,4.74305,1,555
3.7810252,0.75110006,5.7425375,1,556
3.8114488,0.75110006,6.7420244,1,557
3.8327453,0.7511,7.441665,1,558
3.8345242,0.7511,8.441614,1,559
3.8363028,0.7511,9.441563,1,560
3.8380816,0.7511,10.441511,1,561
3.8395045,0.7511,11.241469,1,562
3.8396246,0.7511,12.24142,1,563
3.839745,0.7511,13.241369,1,564
3.8398652,0.7511,14.24132,1,565
3.8399737,0.7511,15.141274,1,566
3.378676,0.75110006,16.139816,1,567
3.1799932,0.75110006,16.885502,1,568
3.1799974,0.75110006,17.884829,1,569
3.1799974,0.75110006,18.88125,1,570
3.179998,0.75110006,19.880749,1,571
3.179998,0.75110006,20.879385,1,572
3.179998,0.7511,21.37522,1,573
3.500541,0.7511,22.291811,1,574
3.748431,0.7511,22.838177,1,575
4.4276743,0.75110006,23.572021,1,576
4.971069,0.75110006,24.159098,1,577
5.7455964,0.75110006,24.940113,1,578
6.2384777,0.7511,25.437124,1,579
6.945217,0.7511,26.144527,1,580
7.510609,0.7511,26.71045,1,581
7.68527,0.7511,27.695026,1,582
7.807532,0.7511,28.384232,1,583
7.953472,0.7511,29.373474,1,584
7.997254,0.7511,29.670248,1,585
8.0185175,0.75110006,30.669971,1,586
8.0334015,0.7511,31.369778,1,587
8.116774,0.75110006,32.366245,1,588
8.071526,0.7511,33.25613,1,589
8.079961,0.7511,33.347935,1,590
8.079961,0.7511,33.347935,1,591
8.079961,0.7511,33.347935,1,592
8.079961,0.7511,33.347935,1,593
8.079961,0.7511,33.347935,1,594
8.079961,0.7511,33.347935,1,595
8.079961,0.7511,33.347935,1,596
8.079961,0.7511,33.347935,1,597
8.079961,0.7511,33.347935,1,598
8.079961,0.7511,33.347935,1,599
7.99255,0.7511,33.396496,1,600
7.99255,0.7511,33.396496,1,601
8.020182,0.75110006,32.39693,1,602
8.033998,0.7511,31.897146,1,603
8.037096,0.7511,30.8972,1,604
8.039265,0.7511,30.197239,1,605
7.921935,0.7511,29.204195,1,606
7.886736,0.7511,28.906282,1,607
7.7852407,0.75110006,27.911497,1,608
7.7040443,0.75110006,27.11567,1,609
7.0518746,0.75110006,26.357662,1,610
6.5953555,0.7511,25.827057,1,611
5.895839,0.7511,25.11251,1,612
5.3362265,0.7511,24.540873,1,613
4.6302524,0.7511,23.832706,1,614
3.9948754,0.7511,23.195354,1,615
3.56719,0.7511,22.291483,1,616
3.353347,0.7511,21.839546,1,617
3.1799946,0.75110006,21.03429,1,618
3.1799967,0.7511,20.035416,1,619
3.1799967,0.7511,19.439564,1,620
3.1799982,0.75110006,18.439985,1,621
3.1799982,0.75110006,17.440868,1,622
3.1799982,0.7511,16.744234,1,623
3.5091264,0.7511001,15.881258,1,624
3.72348,0.7511,15.543566,1,625
3.7524257,0.75110006,14.544035,1,626
3.7813716,0.75110006,13.544503,1,627
3.813212,0.75110006,12.44502,1,628
3.833474,0.7511,11.745348,1,629
4.2527747,0.75110006,10.837556,1,630
4.6720753,0.7511001,9.929763,1,631
5.007516,0.7511,9.203529,1,632
5.452334,0.75110006,8.307964,1,633
5.897152,0.7511001,7.412399,1,634
6.2974877,0.7511,6.60639,1,635
6.744502,0.75110006,5.711919,1,636
7.191517,0.7511001,4.817448,1,637
7.5491285,0.75110006,4.1018715,1,638
7.771661,0.75110006,3.1269977,1,639
7.9589925,0.7511,2.1447518,1,640
8.146827,0.7511,1.1626021,1,641
8.146827,0.7511,1.1626021,1,642
8.146827,0.7511,1.1626021,1,643
8.146827,0.7511,1.1626021,1,644
7.946837,0.7511,1.1626021,1,645
7.8324337,0.7511,0.99856585,1,646
7.778867,0.7511,1.99708,1,647
7.7252994,0.7511,2.9955943,1,648
7.693159,0.7511,3.5947027,1,649
7.693159,0.7511,3.5947027,1,650
7.689938,0.7511,4.5946474,1,651
7.6867175,0.7511,5.5945926,1,652
7.6834965,0.7511,6.5945373,1,653
7.6809196,0.7511,7.394493,1,654
7.2704577,0.75110006,8.306316,1,655
6.9831343,0.7511,8.944592,1,656
6.5726724,0.75110006,9.856415,1,657
6.1301465,0.7511001,10.753116,1,658
5.687621,0.75110006,11.649816,1,659
5.2450953,0.7511001,12.546515,1,660
4.798323,0.75110006,13.441108,1,661
4.306874,0.7511001,14.4251585,1,662
3.9494555,0.7511,15.140832,1,663
3.470201,0.75110006,16.018452,1,664
3.1749504,0.75110006,16.451294,1,665
3.1799974,0.75110006,17.45082,1,666
3.1799974,0.75110006,18.449526,1,667
3.1799974,0.7511,18.945887,1,668
3.1799977,0.7511,19.945362,1,669
3.1799977,0.7511,20.943825,1,670
3.1799977,0.7511,21.340588,1,671
3.5229535,0.75110006,22.348001,1,672
3.731206,0.7511,22.802542,1,673
4.406313,0.75110006,23.540194,1,674
4.9463983,0.75110006,24.130316,1,675
5.649569,0.75110006,24.841267,1,676
6.212106,0.7511,25.410027,1,677
6.918677,0.7511,26.117598,1,678
7.4839334,0.7511,26.683655,1,679
7.669046,0.7511,27.66632,1,680
7.8171363,0.7511,28.452456,1,681
7.9633718,0.7511,29.441654,1,682
8.007242,0.7511,29.738415,1,683
8.007242,0.7511,29.738415,1,684
8.007242,0.7511,29.738415,1,685
8.007242,0.7511,29.738415,1,686
8.007242,0.7511,29.738415,1,687
8.007242,0.7511,29.738415,1,688
8.007242,0.7511,29.738415,1,689
8.007242,0.7511,29.738415,1,690
8.007242,0.7511,29.738415,1,691
8.007242,0.7511,29.738415,1,692
8.007242,0.7511,29.738415,1,693
8.007242,0.7511,29.738415,1,694
8.007242,0.7511,29.738415,1,695
7.908201,0.7511,29.752192,1,696
7.872275,0.75110006,28.95304,1,697
7.779926,0.75110006,27.957363,1,698
7.706046,0.7511,27.160822,1,699
7.0643406,0.7511,26.393936,1,700
6.5509763,0.7511,25.780426,1,701
5.851143,0.7511,25.06619,1,702
5.36126,0.7511,24.566225,1,703
5.36126,0.7511,24.566225,1,704
5.36126,0.7511,24.566225,1,705
5.36126,0.7511,24.566225,1,706
5.36126,0.7511,24.566225,1,707
5.36126,0.7511,24.566225,1,708
5.36126,0.7511,24.566225,1,709
5.36126,0.7511,24.566225,1,710
5.36126,0.7511,24.566225,1,711
5.36126,0.7511,24.566225,1,712
5.36126,0.7511,24.566225,1,713
5.36126,0.7511,24.566225,1,714
5.2912765,0.7511,24.494802,1,715
4.5850635,0.75110006,23.786873,1,716
4.020093,0.75110006,23.22053,1,717
3.5863726,0.75110006,22.319538,1,718
3.3695123,0.7511,21.869041,1,719
3.1799939,0.7511,21.09607,1,720
3.1799953,0.75110006,20.19636,1,721
3.1799953,0.7511,19.499783,1,722
3.1799953,0.7511,19.499783,1,723
3.1799953,0.7511,19.499783,1,724
3.1799953,0.7511,19.499783,1,725
3.1799953,0.7511,19.499783,1,726
3.1799953,0.7511,19.499783,1,727
3.1799953,0.7511,19.499783,1,728
3.1799953,0.7511,19.499783,1,729
3.1799953,0.7511,19.499783,1,730
3.1799953,0.7511,19.499783,1,731
3.1799953,0.7511,19.499783,1,732
3.1799953,0.7511,19.499783,1,733
3.1799953,0.7511,19.499783,1,734
3.0800195,0.7511,19.497822,1,735
3.132264,0.75110006,18.499237,1,736
3.1799946,0.75110006,17.500652,1,737
3.1799946,0.75110006,16.704739,1,738
3.5309258,0.75110006,15.842845,1,739
3.6926537,0.7511,15.590189,1,740
3.6926537,0.7511,15.590189,1,741
3.6926537,0.7511,15.590189,1,742
3.6926537,0.7511,15.590189,1,743
3.6926537,0.7511,15.590189,1,744
3.6926537,0.7511,15.590189,1,745
3.6926537,0.7511,15.590189,1,746
3.6926537,0.7511,15.590189,1,747
3.6926537,0.7511,15.590189,1,748
3.6926537,0.7511,15.590189,1,749
3.6926537,0.7511,15.590189,1,750
3.6926537,0.7511,15.590189,1,751
3.6926537,0.7511,15.590189,1,752
3.6926537,0.7511,15.590189,1,753
3.6212232,0.7511,15.520212,1,754
4.333414,0.75110006,14.818297,1,755
5.0456047,0.7511001,14.116383,1,756
5.829015,0.75110006,13.344276,1,757
6.541206,0.7511001,12.642362,1,758
7.2533965,0.75110006,11.940447,1,759
7.467054,0.7511,11.729873,1,760
7.467054,0.7511,11.729873,1,761
7.467054,0.7511,11.729873,1,762
7.467054,0.7511,11.729873,1,763
7.467054,0.7511,11.729873,1,764
7.467054,0.7511,11.729873,1,765
7.467054,0.7511,11.729873,1,766
7.467054,0.7511,11.729873,1,767
7.467054,0.7511,11.729873,1,768
7.467054,0.7511,11.729873,1,769
7.467054,0.7511,11.729873,1,770
7.467054,0.7511,11.729873,1,771
7.467054,0.7511,11.729873,1,772
7.380696,0.7511,11.679462,1,773
7.9974303,0.75110006,10.768683,1,774
8.029924,0.7511,10.305387,1,775
8.030587,0.75110006,10.278285,1,776
8.140477,0.75110006,10.051836,1,777
9.065446,0.7511,9.979986,1,778
9.974245,0.7511,9.995336,1,779
9.974245,0.7511,9.995336,1,780
9.974245,0.7511,9.995336,1,781
9.974245,0.7511,9.995336,1,782
9.974245,0.7511,9.995336,1,783
9.974245,0.7511,9.995336,1,784
9.974245,0.7511,9.995336,1,785
9.974245,0.7511,9.995336,1,786
9.974245,0.7511,9.995336,1,787
9.974245,0.7511,9.995336,1,788
9.974245,0.7511,9.995336,1,789
9.974245,0.7511,9.995336,1,790
9.974245,0.7511,9.995336,1,791
10.174235,0.7511,9.995336,1,792
10.174235,0.7511,9.995336,1,793
10.174235,0.7511,9.995336,1,794
10.174235,0.7511,9.995336,1,795
10.374226,0.7511,9.995336,1,796
10.665369,0.7511,10.214223,1,797
10.665369,0.7511,10.214223,1,798
10.665369,0.7511,10.214223,1,799
10.665369,0.7511,10.214223,1,800
10.665369,0.7511,10.214223,1,801
10.665369,0.7511,10.214223,1,802
10.665369,0.7511,10.214223,1,803
10.665369,0.7511,10.214223,1,804
10.665369,0.7511,10.214223,1,805
10.665369,0.7511,10.214223,1,806
10.665369,0.7511,10.214223,1,807
10.665369,0.7511,10.214223,1,808
10.665369,0.7511,10.214223,1,809
10.665369,0.7511,10.214223,1,810
10.665369,0.7511,10.214223,1,811
10.665369,0.7511,10.214223,1,812
10.665369,0.7511,10.214223,1,813
10.571883,0.7511,10.182916,1,814
10.717646,0.7511,9.810441,1,815
11.385322,0.75110006,8.93632,1,816
11.385322,0.7511,8.93632,1,817
11.385322,0.7511,8.93632,1,818
11.385322,0.7511,8.93632,1,819
11.385322,0.7511,8.93632,1,820
11.385322,0.7511,8.93632,1,821
11.385322,0.7511,8.93632,1,822
11.403994,0.7511,9.034556,1,823
12.375239,0.75110006,8.820024,1,824
11.779052,0.7511,8.820007,1,825
12.843486,0.75110006,8.722749,1,826
13.686748,0.75110006,9.260159,1,827
14.024053,0.7511,9.475122,1,828
14.179385,0.7511,9.60109,1,829
15.023353,0.7511,9.820006,1,830
15.023353,0.7511,9.820006,1,831
15.023353,0.7511,9.820006,1,832
15.023353,0.7511,9.820006,1,833
15.023353,0.7511,9.820006,1,834
15.016948,0.7511,9.919796,1,835
14.626857,0.7511,9.831404,1,836
14.376424,0.7511,9.805437,1,837
13.701884,0.7511,9.081754,1,838
13.434369,0.7511,8.81532,1,839
12.452054,0.75110006,8.820904,1,840
11.756477,0.7511,8.820006,1,841
10.981536,0.75110006,9.45196,1,842
10.981536,0.7511,9.45196,1,843
10.833426,0.7511,9.586346,1,844
10.056786,0.7511,9.910778,1,845
9.088282,0.7511,9.9799795,1,846
8.534022,0.7511,9.9799795,1,847
8.156492,0.7511,10.041563,1,848
7.8358245,0.7511001,10.949043,1,849
7.7568417,0.7511,11.238444,1,850
7.068001,0.75110006,11.963287,1,851
6.3791595,0.7511001,12.688131,1,852
5.6903186,0.75110006,13.412974,1,853
5.2081294,0.7511,13.920364,1,854
6.1001196,0.7511,14.039834,1,855
5.2366767,0.75110006,14.544182,1,856
4.3732343,0.7511001,15.048531,1,857
4.0278573,0.7511,15.25027,1,858
3.4205465,0.75110006,16.167358,1,859
3.1799922,0.75110006,16.78187,1,860
3.1799974,0.75110006,17.78125,1,861
3.1799974,0.75110006,18.778624,1,862
3.1799977,0.75110006,19.778154,1,863
3.1799977,0.75110006,20.777006,1,864
3.1799977,0.7511,21.372623,1,865
3.4988217,0.75110006,22.289421,1,866
3.747095,0.7511,22.835611,1,867
4.4260626,0.7511,23.569712,1,868
4.9692364,0.7511,24.156994,1,869
5.6732893,0.7511,24.86707,1,870
6.2365317,0.7511,25.435131,1,871
6.94326,0.7511,26.142546,1,872
7.508643,0.7511,26.708477,1,873
7.6840863,0.7511,27.692915,1,874
7.806896,0.7511,28.382023,1,875
7.9530263,0.7511,29.371239,1,876
7.9968653,0.7511,29.668003,1,877
7.9968653,0.7511,29.668003,1,878
7.9968653,0.7511,29.668003,1,879
7.9968653,0.7511,29.668003,1,880
7.9968653,0.7511,29.668003,1,881
7.9968653,0.7511,29.668003,1,882
7.9968653,0.7511,29.668003,1,883
7.9968653,0.7511,29.668003,1,884
7.9968653,0.7511,29.668003,1,885
7.9968653,0.7511,29.668003,1,886
7.9968653,0.7511,29.668003,1,887
7.9968653,0.7511,29.668003,1,888
7.9968653,0.7511,29.668003,1,889
7.9968653,0.7511,29.668003,1,890
7.897816,0.7511,29.681723,1,891
7.871411,0.7511,28.982256,1,892
7.7807403,0.75110006,27.986425,1,893
7.708204,0.7511,27.18976,1,894
7.072821,0.7511,26.417627,1,895
6.564515,0.7511,25.799921,1,896
6.564515,0.7511,25.799921,1,897
6.564515,0.7511,25.799921,1,898
6.564515,0.7511,25.799921,1,899
6.564515,0.7511,25.799921,1,900
6.564515,0.7511,25.799921,1,901
6.564515,0.7511,25.799921,1,902
6.564515,0.7511,25.799921,1,903
6.564515,0.7511,25.799921,1,904
6.564515,0.7511,25.799921,1,905
6.564515,0.7511,25.799921,1,906
6.564515,0.7511,25.799921,1,907
6.564515,0.7511,25.799921,1,908
6.564515,0.7511,25.799921,1,909
6.636073,0.7511,25.730076,1,910
5.9038687,0.75110006,25.049065,1,911
5.3181057,0.75110006,24.504255,1,912
4.607714,0.75110006,23.80052,1,913
4.0394006,0.7511,23.237532,1,914
3.6007311,0.75110006,22.338938,1,915
3.3375294,0.7511,21.799782,1,916
3.3375294,0.7511,21.799782,1,917
3.3375294,0.7511,21.799782,1,918
3.3375294,0.7511,21.799782,1,919
3.3375294,0.7511,21.799782,1,920
3.3375294,0.7511,21.799782,1,921
3.3375294,0.7511,21.799782,1,922
3.3375294,0.7511,21.799782,1,923
3.3375294,0.7511,21.799782,1,924
3.3375294,0.7511,21.799782,1,925
3.3375294,0.7511,21.799782,1,926
3.3375294,0.7511,21.799782,1,927
3.3375294,0.7511,21.799782,1,928
3.2476702,0.7511,21.843649,1,929
3.1799958,0.7511,20.88892,1,930
3.1799965,0.7511,19.890362,1,931
3.1799965,0.7511,19.493158,1,932
3.1799982,0.7511,18.493567,1,933
3.1799982,0.7511,17.494406,1,934
3.1799982,0.7511,16.797611,1,935
3.1799982,0.7511,16.797611,1,936
3.1799982,0.7511,16.797611,1,937
3.1799982,0.7511,16.797611,1,938
3.1799982,0.7511,16.797611,1,939
3.1799982,0.7511,16.797611,1,940
3.1799982,0.7511,16.797611,1,941
3.1799982,0.7511,16.797611,1,942
3.1799982,0.7511,16.797611,1,943
3.1799982,0.7511,16.797611,1,944
3.1799982,0.7511,16.797611,1,945
3.1799982,0.7511,16.797611,1,946
3.1799982,0.7511,16.698996,1,947
3.1799982,0.7511,16.454117,1,948
3.5937002,0.75110006,16.179976,1,949
4.385521,0.7511,16.179993,1,950
5.181922,0.75110006,16.238596,1,951
6.0031686,0.75110006,16.179993,1,952
6.299048,0.7511,16.179993,1,953
6.299048,0.7511,16.179993,1,954
6.299048,0.7511,16.179993,1,955
6.299048,0.7511,16.179993,1,956
6.299048,0.7511,16.179993,1,957
6.299048,0.7511,16.179993,1,958
6.299048,0.7511,16.179993,1,959
6.299048,0.7511,16.179993,1,960
6.299048,0.7511,16.179993,1,961
6.299048,0.7511,16.179993,1,962
6.299048,0.7511,16.179993,1,963
6.299048,0.7511,16.179993,1,964
6.299048,0.7511,16.179993,1,965
6.299048,0.7511,16.179993,1,966
6.346602,0.7511,16.09203,1,967
6.6514277,0.7511,16.209637,1,968
7.1554804,0.7511,16.535051,1,969
7.6451983,0.7511,16.635807,1,970
7.929159,0.7511,16.539074,1,971
8.031487,0.75110006,16.26609,1,972
8.078818,0.75110006,16.129095,1,973
8.202988,0.7511,16.014969,1,974
8.202988,0.7511,16.014969,1,975
8.202988,0.7511,16.014969,1,976
8.202988,0.7511,16.014969,1,977
8.202988,0.7511,16.014969,1,978
8.202988,0.7511,16.014969,1,979
8.202988,0.7511,16.014969,1,980
8.202988,0.7511,16.014969,1,981
8.202988,0.7511,16.014969,1,982
8.202988,0.7511,16.014969,1,983
8.202988,0.7511,16.014969,1,984
8.202988,0.7511,16.014969,1,985
8.057575,0.7511,16.162235,1,986
8.880761,0.75110006,15.940671,1,987
9.8764715,0.75110006,15.848687,1,988
10.374086,0.7511,15.820009,1,989
10.374086,0.7511,15.820009,1,990
10.374086,0.7511,15.820009,1,991
10.374086,0.7511,15.820009,1,992
10.374086,0.7511,15.820009,1,993
10.374086,0.7511,15.820009,1,994
10.374086,0.7511,15.820009,1,995
10.374086,0.7511,15.820009,1,996
10.374086,0.7511,15.820009,1,997
10.374086,0.7511,15.820009,1,998
10.374086,0.7511,15.820009,1,999
10.374086,0.7511,15.820009,1,1000
10.374086,0.7511,15.820009,1,1001
10.374086,0.7511,15.820009,1,1002
10.374086,0.7511,15.820009,1,1003
10.374086,0.7511,15.820009,1,1004
10.374086,0.7511,15.820009,1,1005
10.374086,0.7511,15.820009,1,1006
10.374086,0.7511,15.820009,1,1007
10.419978,0.7511,15.908852,1,1008
11.314737,0.75110006,15.462415,1,1009
12.314067,0.75110006,15.427187,1,1010
13.0135975,0.7511,15.402528,1,1011
13.0135975,0.7511,15.402528,1,1012
13.0135975,0.7511,15.402528,1,1013
13.0135975,0.7511,15.402528,1,1014
13.0135975,0.7511,15.402528,1,1015
13.092003,0.7511,15.3404665,1,1016
13.991823,0.7511,15.356049,1,1017
14.06013,0.7511,15.429077,1,1018
14.1883545,0.7511,15.57476,1,1019
14.865139,0.7511,15.820006,1,1020
14.964569,0.7511,15.820006,1,1021
14.964569,0.7511,15.820006,1,1022
14.964569,0.7511,15.820006,1,1023
14.9575,0.7511,15.919751,1,1024
14.9575,0.7511,15.919751,1,1025
14.666519,0.7511,15.846809,1,1026
14.414593,0.7511,15.8184185,1,1027
13.426952,0.75110006,15.662005,1,1028
12.439311,0.75110006,15.505591,1,1029
11.747962,0.7511,15.396102,1,1030
11.063647,0.7511,15.543291,1,1031
10.887201,0.7511,15.637434,1,1032
10.090532,0.75110006,15.820004,1,1033
9.091201,0.75110006,15.820003,1,1034
8.692462,0.7511,15.820003,1,1035
8.692462,0.7511,15.820003,1,1036
8.434997,0.7511,15.820003,1,1037
7.9240465,0.7511,15.517873,1,1038
6.964704,0.75110006,15.799941,1,1039
6.005362,0.7511001,16.08201,1,1040
5.621625,0.7511,16.179972,1,1041
4.924836,0.7511,16.229603,1,1042
4.071429,0.75110006,16.179987,1,1043
3.6772013,0.7511,16.179987,1,1044
3.3656585,0.7511,16.20136,1,1045
3.1799939,0.75110006,16.970858,1,1046
3.1799972,0.75110006,17.970137,1,1047
3.1799972,0.75110006,18.965242,1,1048
3.1799977,0.75110006,19.964712,1,1049
3.1799977,0.75110006,20.963114,1,1050
3.1799977,0.7511,21.35958,1,1051
3.4910026,0.7511,22.276695,1,1052
3.740481,0.7511,22.822338,1,1053
4.417948,0.7511,23.557823,1,1054
4.959921,0.7511,24.146212,1,1055
5.663635,0.7511,24.856625,1,1056
6.226606,0.7511,25.424955,1,1057
6.226606,0.7511,25.424955,1,1058
6.226606,0.7511,25.424955,1,1059
6.2973533,0.7511,25.354288,1,1060
6.968831,0.7511,26.095245,1,1061
7.506014,0.7511,26.688011,1,1062
7.6809688,0.7511,27.672537,1,1063
7.8209333,0.7511,28.460157,1,1064
7.965452,0.7511,29.449608,1,1065
8.008808,0.7511,29.746443,1,1066
8.008808,0.7511,29.746443,1,1067
8.008808,0.7511,29.746443,1,1068
8.008808,0.7511,29.746443,1,1069
8.008808,0.7511,29.746443,1,1070
8.008808,0.7511,29.746443,1,1071
8.008808,0.7511,29.746443,1,1072
8.008808,0.7511,29.746443,1,1073
8.008808,0.7511,29.746443,1,1074
8.008808,0.7511,29.746443,1,1075
8.008808,0.7511,29.746443,1,1076
8.008808,0.7511,29.746443,1,1077
8.008808,0.7511,29.746443,1,1078
8.008808,0.7511,29.746443,1,1079
7.9100947,0.7511,29.730486,1,1080
8.099792,0.7511,28.803083,1,1081
8.029923,0.75110006,28.33981,1,1082
8.029923,0.7511,28.315088,1,1083
8.029926,0.7511,28.297823,1,1084
8.038836,0.7511,28.222942,1,1085
8.628053,0.75110006,27.979984,1,1086
9.575683,0.7511,27.979984,1,1087
9.924169,0.7511,27.984072,1,1088
9.924169,0.7511,27.984072,1,1089
9.924169,0.7511,27.984072,1,1090
9.924169,0.7511,27.984072,1,1091
9.924169,0.7511,27.984072,1,1092
9.924169,0.7511,27.984072,1,1093
9.924169,0.7511,27.984072,1,1094
9.924169,0.7511,27.984072,1,1095
9.924169,0.7511,27.984072,1,1096
9.924169,0.7511,27.984072,1,1097
9.924169,0.7511,27.984072,1,1098
10.124159,0.7511,27.984072,1,1099
10.38629,0.7511,28.129944,1,1100
10.623837,0.7511,28.195292,1,1101
10.8200035,0.7511,28.991581,1,1102
10.8200035,0.7511,28.991581,1,1103
10.8200035,0.7511,28.991581,1,1104
10.8200035,0.7511,28.991581,1,1105
10.8200035,0.7511,28.991581,1,1106
10.8200035,0.7511,28.991581,1,1107
10.8200035,0.7511,28.991581,1,1108
10.851024,0.7511,28.896519,1,1109
11.301138,0.7511,29.11417,1,1110
11.301138,0.7511,29.11417,1,1111
12.219583,0.75110006,28.718746,1,1112
12.38189,0.7511,28.24585,1,1113
13.356218,0.75110006,28.02094,1,1114
14.135681,0.7511,27.841013,1,1115
14.933859,0.7511,27.820005,1,1116
14.933859,0.7511,27.820005,1,1117
14.933859,0.7511,27.820005,1,1118
14.933859,0.7511,27.820005,1,1119
14.933859,0.7511,27.820005,1,1120
14.6352825,0.7511,27.820005,1,1121
13.637435,0.7511,27.884819,1,1122
12.739373,0.7511,27.943151,1,1123
11.752337,0.7511,28.103342,1,1124
11.092394,0.7511,28.336636,1,1125
10.894985,0.7511,28.30461,1,1126
10.126716,0.7511,28.13555,1,1127
9.357957,0.7511,27.97998,1,1128
8.526025,0.7511,27.979982,1,1129
8.151956,0.7511,28.044956,1,1130
8.06337,0.7511,28.915602,1,1131
8.158492,0.75110006,30.011425,1,1132
8.179991,0.7511,30.40981,1,1133
8.179999,0.7511,31.409613,1,1134
8.179999,0.7511,32.409252,1,1135
8.179999,0.7511,33.307533,1,1136
8.179999,0.7511,33.307533,1,1137
8.179999,0.7511,33.307533,1,1138
8.179999,0.7511,33.307533,1,1139
8.179999,0.7511,33.307533,1,1140
8.179999,0.7511,33.307533,1,1141
